"TOA5","CH_CTRL_CR1000X","CR1000X","5980","CR1000X.Std.03.00","CPU:UdeM_Chamber_CTRL.CR1X","56479","UdeM_Diagnostic"
"TIMESTAMP","RECORD","flagProgramError","SkippedScan","SkippedSystemScan","ProgErrors","VarOutOfBound","WatchDogErrors"
"TS","RN","","","","","",""
"","","Smp","Smp","Smp","Smp","Smp","Smp"
"2019-08-02 00:30:00",2031,-1,0,0,0,0,0
"2019-08-02 01:00:00",2032,-1,0,0,0,0,0
"2019-08-02 01:30:00",2033,-1,0,0,0,0,0
"2019-08-02 02:00:00",2034,-1,0,0,0,0,0
"2019-08-02 02:30:00",2035,-1,0,0,0,0,0
"2019-08-02 03:00:00",2036,-1,0,0,0,0,0
"2019-08-02 03:30:00",2037,-1,0,0,0,0,0
"2019-08-02 04:00:00",2038,-1,0,0,0,0,0
"2019-08-02 04:30:00",2039,-1,0,0,0,0,0
"2019-08-02 05:00:00",2040,-1,0,0,0,0,0
"2019-08-02 05:30:00",2041,-1,0,0,0,0,0
"2019-08-02 06:00:00",2042,-1,0,0,0,0,0
"2019-08-02 06:30:00",2043,-1,0,0,0,0,0
"2019-08-02 07:00:00",2044,-1,0,0,0,0,0
"2019-08-02 07:30:00",2045,-1,0,0,0,0,0
"2019-08-02 08:00:00",2046,-1,0,0,0,0,0
"2019-08-02 08:30:00",2047,-1,0,0,0,0,0
"2019-08-02 09:00:00",2048,-1,0,0,0,0,0
"2019-08-02 09:30:00",2049,-1,0,0,0,0,0
"2019-08-02 10:00:00",2050,-1,0,0,0,0,0
"2019-08-02 10:30:00",2051,-1,0,0,0,0,0
"2019-08-02 11:00:00",2052,-1,0,0,0,0,0
"2019-08-02 11:30:00",2053,-1,0,0,0,0,0
"2019-08-02 12:00:00",2054,-1,0,0,0,0,0
"2019-08-02 12:30:00",2055,-1,0,0,0,0,0
"2019-08-02 13:00:00",2056,-1,0,0,0,0,0
"2019-08-02 13:30:00",2057,-1,0,0,0,0,0
"2019-08-02 14:00:00",2058,-1,0,0,0,0,0
"2019-08-02 14:30:00",2059,-1,0,0,0,0,0
"2019-08-02 15:00:00",2060,-1,0,0,0,0,0
"2019-08-02 15:30:00",2061,-1,0,0,0,0,0
"2019-08-02 16:00:00",2062,-1,0,0,0,0,0
"2019-08-02 16:30:00",2063,-1,0,0,0,0,0
"2019-08-02 17:00:00",2064,-1,0,0,0,0,0
"2019-08-02 17:30:00",2065,-1,0,0,0,0,0
"2019-08-02 18:00:00",2066,-1,0,0,0,0,0
"2019-08-02 18:30:00",2067,-1,0,0,0,0,0
"2019-08-02 19:00:00",2068,-1,0,0,0,0,0
"2019-08-02 19:30:00",2069,-1,0,0,0,0,0
"2019-08-02 20:00:00",2070,-1,0,0,0,0,0
"2019-08-02 20:30:00",2071,-1,0,0,0,0,0
"2019-08-02 21:00:00",2072,-1,0,0,0,0,0
"2019-08-02 21:30:00",2073,-1,0,0,0,0,0
"2019-08-02 22:00:00",2074,-1,0,0,0,0,0
"2019-08-02 22:30:00",2075,-1,0,0,0,0,0
"2019-08-02 23:00:00",2076,-1,0,0,0,0,0
"2019-08-02 23:30:00",2077,-1,0,0,0,0,0
"2019-08-03 00:00:00",2078,-1,0,0,0,0,0
